a
01110
00001
00001
01111
10001
10001
01111
b
10000
10000
10110
11001
10001
10001
11110
c
00000
00000
01110
10001
10000
10001
01110
d
00001
00001
01101
10011
10001
10001
01111
e
00000
00000
01110
10001
11110
10000
01111
f
00110
01000
11110
01000
01000
01000
01000
g
00000
01111
10001
10001
01111
00001
11110
h
10000
10000
10110
11001
10001
10001
10001
i
00100
00000
00100
00100
00100
00100
00100
j
00001
00000
00001
00001
10001
10001
01110
k
10000
10000
10010
10100
11000
10100
10010
l
10000
10000
10000
10000
10000
10000
01100
m
00000
00000
11010
10101
10101
10001
10001
n
00000
00000
11110
10001
10001
10001
10001
o
00000
00000
01110
10001
10001
10001
01110
p
10110
11001
10001
11110
10000
10000
10000
q
01101
10011
10001
01111
00001
00001
00001
r
00000
00000
10110
11001
10000
10000
10000
s
00000
00000
01111
10000
01110
00001
11110
t
00100
00100
01110
00100
00100
00100
00010
u
00000
00000
10001
10001
10001
10001
01111
v
00000
00000
10001
10001
10001
01010
00100
w
00000
00000
10001
10001
10101
10101
01111
x
00000
00000
10001
01010
00100
01010
10001
y
00000
10001
10001
10001
01111
00001
11110
z
00000
00000
11111
00010
00100
01000
11111
A
01110
10001
11111
10001
10001
10001
10001
B
11110
10001
11110
10001
10001
10001
11110
C
01110
10001
10000
10000
10000
10001
01110
D
11110
10001
10001
10001
10001
10001
11110
E
11111
10000
11100
10000
10000
10000
11111
F
11111
10000
11100
10000
10000
10000
10000
G
01111
10000
10011
10001
10001
10001
01110
H
10001
10001
11111
10001
10001
10001
10001
I
01110
00100
00100
00100
00100
00100
01110
K
10001
10010
11100
10010
10001
10001
10001
L
10000
10000
10000
10000
10000
10000
11111
M
10001
11011
10101
10001
10001
10001
10001
N
10001
11001
10101
10011
10001
10001
10001
O
01110
10001
10001
10001
10001
10001
01110
P
11110
10001
11110
10000
10000
10000
10000
Q
01110
10001
10001
10001
10001
10010
01101
R
11110
10001
11110
10001
10001
10001
10001
S
01111
10000
01110
00001
00001
10001
01110
T
11111
00100
00100
00100
00100
00100
00100
U
10001
10001
10001
10001
10001
10001
01110
V
10001
10001
10001
10001
01010
01010
00100
W
10001
10001
10001
10001
10101
11011
10001
X
10001
01010
00100
01010
10001
10001
10001
Y
10001
01010
00100
00100
00100
00100
00100
Z
11111
00001
00010
00100
01000
10000
11111
1
00100
01100
00100
00100
00100
00100
11111
2
01110
10001
00001
00110
01000
10001
11111
3
01110
10001
00001
00110
00001
10001
01110
4
00011
00101
01001
10001
11111
00001
00001
5
11111
10000
11110
00001
00001
10001
01110
6
00110
01000
10000
11110
10001
10001
01110
7
11111
10001
00001
00010
00100
00100
00100
8
01110
10001
10001
01110
10001
10001
01110
9
01110
10001
10001
01111
00001
00010
01100
0
01110
10001
10011
10101
11001
10001
01110
-
00000
00000
00000
01110
00000
00000
00000
=
00000
00000
01110
00000
01110
00000
00000
[
01100
01000
01000
01000
01000
01000
01100
]
00110
00010
00010
00010
00010
00010
00110
;
00000
00100
00000
00000
00000
00100
00100
'
00000
00100
00100
00000
00000
00000
00000
,
00000
00000
00000
00000
00000
00100
00100
.
00000
00000
00000
00000
00000
00100
00000
/
00000
00001
00010
00100
01000
10000
00000
!
00100
00100
00100
00100
00100
00000
00100
?
01110
10001
00001
00010
00100
00000
00100
(
00010
00100
01000
01000
01000
00100
00010
)
01000
00100
00010
00010
00010
00100
01000