FONT_WIDTH:15
FONT_HEIGHT:21

FONT_DATA:
q
000000000000000
000000000000000
000000000000000
000000000000000
000000000000000
000011111001100
000100000101100
001000000011100
001000000001100
001000000001100
001000000011100
000100000101100
000011111001100
000000000001100
000000000001100
000000000001100
000000000001100
000000000001100
000000000001100
000000000001100
000000000000000
w
000000000000000
000000000000000
000000000000000
000000000000000
000000000000000
100000000000001
100000000000001
100000000000001
010000000000010
010000000000010
010000000000010
010000000000010
010000000000010
010000000000010
010000000000010
010000010000010
001000010000100
001000010000100
001000101000100
000101000101000
000010000010000
e
000000000000000
000000000000000
000000000000000
000000000000000
000000000000000
000001111100000
000010000010000
000100000001000
001000000000100
001000000000100
001000000000100
001000000001000
001111111110000
001000000000000
001000000000000
001000000000000
001000000000000
001000000000000
000100000000100
000010000001000
000001111110000
r
000000000000000
000000000000000
000000000000000
000000000000000
000000000000000
000100111100000
000101000010000
000110000001000
000100000000000
000100000000000
000100000000000
000100000000000
000100000000000
000100000000000
000100000000000
000100000000000
000100000000000
000100000000000
000100000000000
000100000000000
000000000000000
1
000000110000000
000001010000000
000010010000000
000100010000000
000000010000000
000000010000000
000000010000000
000000010000000
000000010000000
000000010000000
000000010000000
000000010000000
000000010000000
000000010000000
000000010000000
000000010000000
000000010000000
000000010000000
000000010000000
000111111111000
000000000000000
2
000001111110000
000010000001000
000100000000100
001000000000010
000000000000010
000000000000010
000000000000010
000000000000010
000000000000100
000000000001000
000000000010000
000000000100000
000000001000000
000000010000000
000000100000000
000001000000000
000010000000000
000100000000000
001000000000000
011111111111110
000000000000000
3
000011111110000
000100000001000
001000000000100
000000000000100
000000000000100
000000000000100
000000000000100
000000000000100
000000000000100
000000000001000
000000111110000
000000000001000
000000000000100
000000000000100
000000000000100
000000000000100
000000000000100
000000000000100
001000000000100
000100000001000
000011111110000


