0
11111
11111
10101
11011
10101
11111
11111
0
11111
11111
10101
11011
10101
11111
11111
0
11111
11111
10101
11011
10101
11111
11111
0
11111
11111
10101
11011
10101
11111
11111
0
11111
11111
10101
11011
10101
11111
11111
0
11111
11111
10101
11011
10101
11111
11111
0
11111
11111
10101
11011
10101
11111
11111
0
11111
11111
10101
11011
10101
11111
11111
0
11111
11111
10101
11011
10101
11111
11111
0
11111
11111
10101
11011
10101
11111
11111
0
11111
11111
10101
11011
10101
11111
11111
0
11111
11111
10101
11011
10101
11111
11111
0
11111
11111
10101
11011
10101
11111
11111
0
11111
11111
10101
11011
10101
11111
11111
0
11111
11111
10101
11011
10101
11111
11111
0
11111
11111
10101
11011
10101
11111
11111
0
11111
11111
10101
11011
10101
11111
11111
0
11111
11111
10101
11011
10101
11111
11111
0
11111
11111
10101
11011
10101
11111
11111
0
11111
11111
10101
11011
10101
11111
11111
0
11111
11111
10101
11011
10101
11111
11111
0
11111
11111
10101
11011
10101
11111
11111
0
11111
11111
10101
11011
10101
11111
11111
0
11111
11111
10101
11011
10101
11111
11111
0
11111
11111
10101
11011
10101
11111
11111
0
11111
11111
10101
11011
10101
11111
11111
0
11111
11111
10101
11011
10101
11111
11111
0
11111
11111
10101
11011
10101
11111
11111
0
11111
11111
10101
11011
10101
11111
11111
0
11111
11111
10101
11011
10101
11111
11111
0
11111
11111
10101
11011
10101
11111
11111
0
11111
11111
10101
11011
10101
11111
11111
1
00000
00000
00000
00000
00000
00000
00000
1
00100
00100
00100
00100
00100
00000
00100
1
11111
11111
10101
11011
10101
11111
11111
1
11111
11111
10101
11011
10101
11111
11111
1
11111
11111
10101
11011
10101
11111
11111
1
11111
11111
10101
11011
10101
11111
11111
1
11111
11111
10101
11011
10101
11111
11111
1
11111
11111
10101
11011
10101
11111
11111
1
00001
00010
00100
00100
00100
00010
00001
1
10000
01000
00100
00100
00100
01000
10000
1
11111
11111
10101
11011
10101
11111
11111
1
00000
00000
00100
01110
00100
00000
00000
1
00000
00000
00000
00000
01100
01100
00100
1
00000
00000
00000
01110
00000
00000
00000
1
00000
00000
00000
00000
01100
01100
00000
1
11111
11111
10101
11011
10101
11111
11111
1
01110
10011
10101
10101
10101
11001
01110
1
00001
00001
00001
00001
00001
00001
00001
1
01110
10001
00010
00100
01000
10000
11111
1
01110
10001
00001
01110
00001
10001
01110
1
10001
10001
10001
11111
00001
00001
00001
1
11111
10000
10000
11110
00001
00001
11110
1
11111
10000
10000
11111
10001
10001
11111
1
11111
00001
00001
00001
00001
00001
00001
1
01110
10001
10001
01110
10001
10001
01110
1
01110
10001
10001
01110
00001
00001
01110
1
01100
01100
00000
00000
01100
01100
00000
1
01100
01100
00000
00000
01100
01100
00100
1
11111
11111
10101
11011
10101
11111
11111
1
00000
00000
11111
00000
11111
00000
00000
1
11111
11111
10101
11011
10101
11111
11111
1
00100
01010
00010
00100
00100
00000
00100
1
11111
11111
10101
11011
10101
11111
11111
1
01110
10001
10001
11111
10001
10001
10001
1
11110
10001
10001
11110
10001
10001
11110
1
01111
10000
10000
10000
10000
10000
01111
1
11110
10001
10001
10001
10001
10001
11110
1
11111
10000
10000
11111
10000
10000
11111
1
11111
10000
10000
11100
10000
10000
10000
1
01111
10000
10000
10111
10001
10001
01110
1
10001
10001
10001
11111
10001
10001
10001
1
00100
00000
00100
00100
00100
00100
00100
1
00010
00000
00010
00010
00010
00010
01100
1
10001
10010
10100
11000
10100
10010
10001
1
10000
10000
10000
10000
10000
10000
11111
1
11011
10101
10101
10001
10001
10001
10001
1
10001
11001
11001
10101
10011
10011
10001
1
01110
10001
10001
10001
10001
10001
01110
1
11110
10001
10001
11110
10000
10000
10000
1
01101
10011
10011
01101
00001
00001
00001
1
11110
10001
10001
11110
10100
10010
10001
1
01110
10001
10000
01110
00001
10001
01110
1
11111
00100
00100
00100
00100
00100
00100
1
10001
10001
10001
10001
10001
10001
01110
1
10001
10001
10001
01010
01010
00100
00100
1
10001
10001
10001
10101
10101
10101
01010
1
10001
01010
01010
00100
01010
01010
10001
1
10001
01010
00100
00100
00100
00100
00100
1
11111
00001
00010
00100
01000
10000
11111
1
11111
11111
10101
11011
10101
11111
11111
1
11111
11111
10101
11011
10101
11111
11111
1
11111
11111
10101
11011
10101
11111
11111
1
11111
11111
10101
11011
10101
11111
11111
1
00000
00000
00000
00000
00000
00000
11111
1
11111
11111
10101
11011
10101
11111
11111
1
01110
10001
10001
11111
10001
10001
10001
1
11110
10001
10001
11110
10001
10001
11110
1
01111
10000
10000
10000
10000
10000
01111
1
11110
10001
10001
10001
10001
10001
11110
1
11111
10000
10000
11111
10000
10000
11111
1
11111
10000
10000
11100
10000
10000
10000
1
01111
10000
10000
10111
10001
10001
01110
1
10001
10001
10001
11111
10001
10001
10001
1
00100
00000
00100
00100
00100
00100
00100
1
00010
00000
00010
00010
00010
00010
01100
1
10001
10010
10100
11000
10100
10010
10001
1
10000
10000
10000
10000
10000
10000
11111
1
11011
10101
10101
10001
10001
10001
10001
1
10001
11001
11001
10101
10011
10011
10001
1
01110
10001
10001
10001
10001
10001
01110
1
11110
10001
10001
11110
10000
10000
10000
1
01101
10011
10011
01101
00001
00001
00001
1
11110
10001
10001
11110
10100
10010
10001
1
01110
10001
10000
01110
00001
10001
01110
1
11111
00100
00100
00100
00100
00100
00100
1
10001
10001
10001
10001
10001
10001
01110
1
10001
10001
10001
01010
01010
00100
00100
1
10001
10001
10001
10101
10101
10101
01010
1
10001
01010
01010
00100
01010
01010
10001
1
10001
01010
00100
00100
00100
00100
00100
1
11111
00001
00010
00100
01000
10000
11111
1
11111
11111
10101
11011
10101
11111
11111
1
11111
11111
10101
11011
10101
11111
11111
1
11111
11111
10101
11011
10101
11111
11111
1
11111
11111
10101
11011
10101
11111
11111
0
11111
11111
10101
11011
10101
11111
11111
